0 0 400
0 0 100000
1 0 400
1 0 100000
1 -1 400
1 -1 100000
0 -1 400
0 -1 100000
-1 -1 400
-1 -1 100000
-1 0 400
-1 0 100000
-1 1 400
-1 1 100000
0 1 400
0 1 100000
1 1 400
1 1 100000
2 1 400
2 1 100000
2 0 400
2 0 100000
2 -1 400
2 -1 100000
2 -2 400
2 -2 100000
1 -2 400
1 -2 100000
0 -2 400
0 -2 100000
-1 -2 400
-1 -2 100000
-2 -2 400
-2 -2 100000
-2 -1 400
-2 -1 100000
-2 0 400
-2 0 100000
-2 1 400
-2 1 100000
-2 2 400
-2 2 100000
-1 2 400
-1 2 100000
0 2 400
0 2 100000
1 2 400
1 2 100000
2 2 400
2 2 100000
3 2 400
3 2 100000
3 1 400
3 1 100000
3 0 400
3 0 100000
3 -1 400
3 -1 100000
3 -2 400
3 -2 100000
3 -3 400
3 -3 100000
2 -3 400
2 -3 100000
1 -3 400
1 -3 100000
0 -3 400
0 -3 100000
-1 -3 400
-1 -3 100000
-2 -3 400
-2 -3 100000
-3 -3 400
-3 -3 100000
-3 -2 400
-3 -2 100000
-3 -1 400
-3 -1 100000
-3 0 400
-3 0 100000
-3 1 400
-3 1 100000
-3 2 400
-3 2 100000
-3 3 400
-3 3 100000
-2 3 400
-2 3 100000
-1 3 400
-1 3 100000
0 3 400
0 3 100000
1 3 400
1 3 100000
2 3 400
2 3 100000
3 3 400
3 3 100000
4 3 400
4 3 100000
4 2 400
4 2 100000
4 1 400
4 1 100000
4 0 400
4 0 100000
4 -1 400
4 -1 100000
4 -2 400
4 -2 100000
4 -3 400
4 -3 100000
4 -4 400
4 -4 100000
3 -4 400
3 -4 100000
2 -4 400
2 -4 100000
1 -4 400
1 -4 100000
0 -4 400
0 -4 100000
-1 -4 400
-1 -4 100000
-2 -4 400
-2 -4 100000
-3 -4 400
-3 -4 100000
-4 -4 400
-4 -4 100000
-4 -3 400
-4 -3 100000
-4 -2 400
-4 -2 100000
-4 -1 400
-4 -1 100000
-4 0 400
-4 0 100000
-4 1 400
-4 1 100000
-4 2 400
-4 2 100000
-4 3 400
-4 3 100000
-4 4 400
-4 4 100000
-3 4 400
-3 4 100000
-2 4 400
-2 4 100000
-1 4 400
-1 4 100000
0 4 400
0 4 100000
1 4 400
1 4 100000
2 4 400
2 4 100000
3 4 400
3 4 100000
4 4 400
4 4 100000